GenderCode,(Multiple Items),,,,
,,,,,
Count of FirstName,Column Labels,,,,
Row Labels,HIGH ,LOW,MEDIUM,VERY HIGH,Grand Total
BPC,14,40,81,15,150
CCDR,30,35,67,13,145
EW,21,40,75,18,154
MSC,13,34,96,14,157
NEL,21,40,79,14,154
PL,21,41,72,9,143
PYZ,22,42,76,17,157
SVG,25,47,80,15,167
TNS,27,39,69,15,150
WBL,19,41,82,14,156
Grand Total,213,399,777,144,1533
